0   :  12   4  39  13   8  43   6   7  21   3
1   :   2   5  19  35   8  24  39   4  12  51
2   :   2  15  25  55  37  48  24  36  43  27
3   :   2  46  52  47  13  45   1  32  58  38
4   :  24  14  25  45   9  18  59  10  31   4
5   :  34  55   4  14  52  31   0  57  33  27
6   :  39  55  11   7  29  40   0  45   5  30
7   :   3  53   5  43  13  59  26   1  31  35
8   :  50   6  26  14  28  12  15  59  22   2
9   :  12  58  34   2   7   0  15  14  29  32
10  :  37   4   0   7   6   1  58  55  15   2
11  :   0  17   7  12  48  11  56   1   2  16
12  :   0  55  17   3  29  54  23  58  16  59
13  :   0  59  27  51  22   1  14  55   8  15
14  :  14  22  46   0  10   7   9  28   3  54
15  :   0   7  23  56  53  27  16  55  28   1
16  :   0  20  59   1   2  12  47  14  28   8
17  :  45  26   3   6  57  23   7  36  10   0
18  :   0  22   1  28   5  26  45  57  43  11
19  :  41   2  42  10  23   1  15  21   4  51
20  :  41  11   3   0  55  34  53  59   4  49
21  :   3   0   5   8  51  13  47   7  56  58
22  :   0  38  57  23  31   1  52   5  29   2
23  :   1  14  33  35   2  25  11   8  30  27
24  :  25   0   3  13  55  48   7  26  10   2
25  :  48  43   0   8   7  28  21   1  19   3
26  :   0  11   7  47  27  30  52  14   3  19
27  :   0  44   2  35  27  21  24  34   4  57
28  :   0  25  15  36  46  19  44  58   8   2
29  :   0   3  45   6   7  10  51  40  16  22
30  :  41   7  51  24  29   2  46   5  37  55
31  :  14  18  10  53   4  49   0  58   5  36
32  :   2  14  35  56   6  22  42  31  51   8
33  :  29  37  30   5  24  16   7  11  46  22
34  :   2  47  12   0  24  14  59  25  36  10
35  :   0  23  58  37  55  22  24  32   1   6
36  :   0  55  58  47  39  13  43   2  14  59
37  :   1  14  42  50   0  57  13  27   4   2
38  :   0  14  15  28   7  31  58  42  44  43
39  :  24   7  27  15   5  46  59  30  13  33
40  :  54  13  59  15   8  17  22  46  30  14
41  :   2  51  28   3  47  20   6   5  11  16
42  :   3  41  55  18  17  54   0   6  37  29
43  :  14  59   0  30   9  10  24   2  16   7
44  :  23   0  12   5   8   1  14  57   9  33
45  :   0  58  15   8   7  34  59  16   2  24
46  :   3  21  32  18  16  24   2   6  20  39
47  :  21  10  23  19  30  56   5   4  12   3
48  :  48  26   2  25  30  34  58   0   7  40
49  :  19   0   9  27  29  53  18  17   7  25
50  :   2   1   4  32   7  35  25  33   6  52
51  :   1   0  34   8  56  20   7  13  42   9
52  :   0   1  10   6   3  24  17  38  39  27
53  :   0  10  48  49   1  29  35  42  13  25
54  :   0  59  29  25  43   8   1  31  32  24
55  :  37  54  19  52   8  56   1  38  22  24
56  :   3   6  52  41   7  24  17   0  18  13
57  :   1  10  31  14  15  24  26  23  57  43
58  :   1  14  57  23   5  28   0   8   6   2
59  :  25  56  33  32   9  39  19   0  41   7
60  :  25  23  43  26   0  20  50   3  35  19
61  :  13  48  39   0  11  12  17  50   4  15
62  :   0  27  13  11  52  46  30   6  16   2
63  :   1  27  24   6  17   2  55  38   3  34
64  :  16   7  14  19  15  22   5   3  23  21
65  :   1  37   0  54  43   7   9  10  47   2
66  :   1   5  31  15  17  45  28  46  41  37
67  :  44  19  51  52   4  24  15   0  26   2
68  :  43   3  25  39   4  52   9  58   2  31
69  :   3  44   6  50  45   9   8  33   5  57
70  :  24  37   8  14  15   1  35  58   7  52
71  :  24   1   0  31  29  50  56  43  41   3
72  :   0   1  43  25  42   4   2  47  45  21
73  :   0  47   9  46  41  56   7  14  24  33
74  :   0  25  41  10  30  40   9  24  15   5
75  :   0  45  14  27   1  23  57  54  58  43
76  :   0  24  14  50  10
77  :   0
