Test Groups:

0   : 1111111111
1   : 1111111111
2   : 1111111111
3   : 1111111111
4   : 1111111111
5   : 1111111111
6   : 1111111111
7   : 1111111111
8   : 1111111111
9   : 1111111111
10  : 1111111111
11  : 1111111111
12  : 1111111111
13  : 1111111111
14  : 1111111111
15  : 1111111111
16  : 1111112222
17  : 2222222222
18  : 2222222222
19  : 2222222222
20  : 2222222222
21  : 2222222222
22  : 2222222222
23  : 2222222222
24  : 2222222222
25  : 2222222222
26  : 2222222222
27  : 2222222222
28  : 2222222222
29  : 2222222222
30  : 2222222222
31  : 2223333333
32  : 3333333333
33  : 3333333333
34  : 3333333333
35  : 3333333333
36  : 3333333333
37  : 3333333333
38  : 3333333333
39  : 3333333333
40  : 3333333333
41  : 3333333333
42  : 3333333333
43  : 3333333333
44  : 3333333333
45  : 3333333333
46  : 3333333334
47  : 4444444443
48  : 4444444444
49  : 4444444444
50  : 4444444444
51  : 4444444444
52  : 4444444444
53  : 4444444444
54  : 4444444444
55  : 4444444444
56  : 4444444444
57  : 4444444444
58  : 4444444444
59  : 4444444444
60  : 4444444444
61  : 5555555555
62  : 5555555555
63  : 5555555555
64  : 5555555555
65  : 5555555555
66  : 5555555555
67  : 5555555555
68  : 5555555555
69  : 5555555555
70  : 5555555555
71  : 5555555555
72  : 5555555555
73  : 5555555555
74  : 5555555555
75  : 5555555555
76  : 55555
77  : 5

Car Indices:

0   :  12   4  39  13   8  43   6   7  21   3
1   :   2   5  19  35   8  24  39   4  12  51
2   :   2  15  25  55  37  48  24  36  43  27
3   :   2  46  52  47  13  45   1  32  58  38
4   :  24  14  25  45   9  18  59  10  31   4
5   :  34  55   4  14  52  31   0  57  33  27
6   :  39  55  11   7  29  40   0  45   5  30
7   :   3  53   5  43  13  59  26   1  31  35
8   :  50   6  26  14  28  12  15  59  22   2
9   :  12  58  34   2   7   0  15  14  29  32
10  :  37   4   0   7   6   1  58  55  15   2
11  :   0  17   7  12  48  11  56   1   2  16
12  :   0  55  17   3  29  54  23  58  16  59
13  :   0  59  27  51  22   1  14  55   8  15
14  :  14  22  46   0  10   7   9  28   3  54
15  :   0   7  23  56  53  27  16  55  28   1
16  :   0  20  59   1   2  12  47  14  28   8
17  :  45  26   3   6  57  23   7  36  10   0
18  :   0  22   1  28   5  26  45  57  43  11
19  :  41   2  42  10  23   1  15  21   4  51
20  :  41  11   3   0  55  34  53  59   4  49
21  :   3   0   5   8  51  13  47   7  56  58
22  :   0  38  57  23  31   1  52   5  29   2
23  :   1  14  33  35   2  25  11   8  30  27
24  :  25   0   3  13  55  48   7  26  10   2
25  :  48  43   0   8   7  28  21   1  19   3
26  :   0  11   7  47  27  30  52  14   3  19
27  :   0  44   2  35  27  21  24  34   4  57
28  :   0  25  15  36  46  19  44  58   8   2
29  :   0   3  45   6   7  10  51  40  16  22
30  :  41   7  51  24  29   2  46   5  37  55
31  :  14  18  10  53   4  49   0  58   5  36
32  :   2  14  35  56   6  22  42  31  51   8
33  :  29  37  30   5  24  16   7  11  46  22
34  :   2  47  12   0  24  14  59  25  36  10
35  :   0  23  58  37  55  22  24  32   1   6
36  :   0  55  58  47  39  13  43   2  14  59
37  :   1  14  42  50   0  57  13  27   4   2
38  :   0  14  15  28   7  31  58  42  44  43
39  :  24   7  27  15   5  46  59  30  13  33
40  :  54  13  59  15   8  17  22  46  30  14
41  :   2  51  28   3  47  20   6   5  11  16
42  :   3  41  55  18  17  54   0   6  37  29
43  :  14  59   0  30   9  10  24   2  16   7
44  :  23   0  12   5   8   1  14  57   9  33
45  :   0  58  15   8   7  34  59  16   2  24
46  :   3  21  32  18  16  24   2   6  20  39
47  :  21  10  23  19  30  56   5   4  12   3
48  :  48  26   2  25  30  34  58   0   7  40
49  :  19   0   9  27  29  53  18  17   7  25
50  :   2   1   4  32   7  35  25  33   6  52
51  :   1   0  34   8  56  20   7  13  42   9
52  :   0   1  10   6   3  24  17  38  39  27
53  :   0  10  48  49   1  29  35  42  13  25
54  :   0  59  29  25  43   8   1  31  32  24
55  :  37  54  19  52   8  56   1  38  22  24
56  :   3   6  52  41   7  24  17   0  18  13
57  :   1  10  31  14  15  24  26  23  57  43
58  :   1  14  57  23   5  28   0   8   6   2
59  :  25  56  33  32   9  39  19   0  41   7
60  :  25  23  43  26   0  20  50   3  35  19
61  :  13  48  39   0  11  12  17  50   4  15
62  :   0  27  13  11  52  46  30   6  16   2
63  :   1  27  24   6  17   2  55  38   3  34
64  :  16   7  14  19  15  22   5   3  23  21
65  :   1  37   0  54  43   7   9  10  47   2
66  :   1   5  31  15  17  45  28  46  41  37
67  :  44  19  51  52   4  24  15   0  26   2
68  :  43   3  25  39   4  52   9  58   2  31
69  :   3  44   6  50  45   9   8  33   5  57
70  :  24  37   8  14  15   1  35  58   7  52
71  :  24   1   0  31  29  50  56  43  41   3
72  :   0   1  43  25  42   4   2  47  45  21
73  :   0  47   9  46  41  56   7  14  24  33
74  :   0  25  41  10  30  40   9  24  15   5
75  :   0  45  14  27   1  23  57  54  58  43
76  :   0  24  14  50  10
77  :   0

Test Indices:

0   : 277   5  57  11 176   9   7 400   3   6
1   : 459 277   5  57  11 176   9   7 400   3
2   :   6 369 277   5  57 277   5  11 277   5
3   : 176   9   7 400   3   6 448 115 548 119
4   : 218 122 274 124 216 318 312 545 213  92
5   : 319 447 272  89  90 571 492  93  94 409
6   : 364 230 568 642 565 562 104 131 227 559
7   : 133 138 464 484 192 491 510 296 170 342
8   : 294 292 291 175 288 499 188 287 514 483
9   : 482 196 136 137  87 139 141 472 206 276
10  : 473 149 201 152 476 155 479 534  86 494
11  : 522 348 242  53 345  51 244 245  48 432
12  : 335 614  43 270  41 332 618 417 425  36
13  : 347 250 634 627 424  32 633 422  28 619
14  : 632 414 352  70 577  82  79 582 328 586
15  : 579  75 271 590 358 641 592 356 268 602
16  : 238 604 600 601 411 603 275   1  10  12
17  :   8  13  16 290 445 452 284 275   1  10
18  :  17  12   8  13  16 290 275   1  10 275
19  :   1  17  12 275   1  17   8  13  16 445
20  : 452 187 418 257 419 267 440 421 235 229
21  : 189 237 438 225 224 222 449 240 450 283
22  : 241 460 247 442 407 204 279 475 252 410
23  : 203 434 508 541 182  52 607  60 598  68
24  : 606  71 350 587  84  85 361  95 569 563
25  : 570 360 106  49 613 640 639 340 635  21
26  :  24 339 612  26  29  30 628  33 621  42
27  : 625 629 404 107 390 393 153 396 299 159
28  : 554 308 160 516 513 512 511 167 180 181
29  : 304 519 110 377 143 113 373 549 118 547
30  : 121 123 376 314 127 311 264 134 540 539
31  : 538 126 265   0 490 261 495 280 474 289
32  :  58  96 630  18  15 546   0 490 261 495
33  : 280 474 289  58  96 630  18  15 374   0
34  : 490 261   0 490 495   0 490 280 474 289
35  :  58  96 630  18  15 544 543 536 553 368
36  : 558 560 566 365 375 552 581 362 573 535
37  : 584 591 594 354 608 609 611 617 622 363
38  : 351 532 382 381 480 405 406 470 465 463
39  : 403 461 444 443 439 428 423 420 455 496
40  : 501 502 413 531 388 530 529 528 527 399
41  : 521 509 401 507 402 506 504 344 321 185
42  : 378 125 120 112 111 278 102 146 101  97
43  :  88  83  80  78  77  99 259 258 148 199
44  : 217 219 186 183 178 172 168 164 163 162
45  : 232 246 157 154  76  67 286 326 337  27
46  :  31  34 329  35 323 316 315 210  64 209
47  :   2  59 306  56   4 478  62 427 589  50
48  : 209   2  59 306  56   4 478  62 427 209
49  :   2  59 209   2 306 209   2  56   4 478
50  :  62 515  73  74 169 171  23 173 503  19
51  : 631  20 500 599 636 190 489  72 481 467
52  : 493 485  22 518 576 158 575 578 572 100
53  : 205 605 610 561 108 109  47 557 555  45
54  : 468 520 615  39 620 542 140 583  37 623
55  : 533 151 156 526 524 626 551 595 341 643
56  : 231 233 441 236 239 371 435 243 430 429
57  : 309 249 251 253 254 379 397 300 301 282
58  : 255 395 408 228 462 303 387 386 384 416
59  : 305 412 367 433 398 330 355 453 334 458
60  : 349 221 454 324 215 331 366 338 353 357
61  : 269 263 262 198 197 525 307 497 200  14
62  :  55  54 336 269 263 262 198 197 525 307
63  : 497 200  14  55  54 346 269 263 269 262
64  : 269 198 197 525 307 497 200  14  55  54
65  : 588 574 333 394 392  81 580 638 585 302
66  : 391 637 385 389 616  69  44  40 320 322
67  :  46 317  38 370 325 372 624 383 327 313
68  : 310  61 359  63  25  65 597 596 593  91
69  : 380  66 211 298 191 223 226 343 184 446
70  : 220 498 177 174 505 234 437 166 488 487
71  : 179 486 212 214 469 208 471 207 456 477
72  : 466 202 195 194 193 451 165  98 436 116
73  : 457 431 550 114 556 281 117 293 564 295
74  : 273 297 567 285 128 129 130 161 248 523
75  : 105 426 150 147 260 145 144 537 142 135
76  : 103 132 415 517 266
77  : 256

